+5532991495085
+5532999481909
5532991495085
5532999481909
32991495085
32999481909
+5532991495085
+5532999481909
5532991495085
5532999481909
32991495085
32999481909
+5532991495085
+5532999481909
5532991495085
5532999481909
32991495085
32999481909
+5532991495085
+5532999481909
5532991495085
5532999481909
32991495085
32999481909
+5532991495085
+5532999481909
5532991495085
5532999481909
32991495085
32999481909
+5532991495085
+5532999481909
5532991495085
5532999481909
32991495085
32999481909
+5532991495085
+5532999481909
5532991495085
5532999481909
32991495085
32999481909
+5532991495085
+5532999481909
5532991495085
5532999481909
32991495085
32999481909
+5532991495085
+5532999481909
5532991495085
5532999481909
32991495085
32999481909
+5532991495085
+5532999481909
5532991495085
5532999481909
32991495085
32999481909
+5532991495085
+5532999481909
5532991495085
5532999481909
32991495085
32999481909
+5532991495085
+5532999481909
5532991495085
5532999481909
32991495085
32999481909
+5532991495085
+5532999481909
5532991495085
5532999481909
32991495085
32999481909
+5532991495085
+5532999481909
5532991495085
5532999481909
32991495085
32999481909
+5532991495085
+5532999481909
5532991495085
5532999481909
32991495085
32999481909
+5532991495085
+5532999481909
5532991495085
5532999481909
32991495085
32999481909
+5532991495085
+5532999481909
5532991495085
5532999481909
32991495085
32999481909
+5532991495085
+5532999481909
5532991495085
5532999481909
32991495085
32999481909
+5532991495085
+5532999481909
5532991495085
5532999481909
32991495085
32999481909
+5532991495085
+5532999481909
5532991495085
5532999481909
32991495085
32999481909
+5532991495085
+5532999481909
5532991495085
5532999481909
32991495085
32999481909
+5532991495085
+5532999481909
5532991495085
5532999481909
32991495085
32999481909
+5532991495085
+5532999481909
5532991495085
5532999481909
32991495085
32999481909
+5532991495085
+5532999481909
5532991495085
5532999481909
32991495085
32999481909
+5532991495085
+5532999481909
5532991495085
5532999481909
32991495085
32999481909
+5532991495085
+5532999481909
5532991495085
5532999481909
32991495085
32999481909
+5532991495085
+5532999481909
5532991495085
5532999481909
32991495085
32999481909
+5532991495085
+5532999481909
5532991495085
5532999481909
32991495085
32999481909
+5532991495085
+5532999481909
5532991495085
5532999481909
32991495085
32999481909
+5532991495085
+5532999481909
5532991495085
5532999481909
32991495085
32999481909