5532991495085
5581987894836
5571993995036
5547996404948
5511966278711
11027962384409
5591999658044
5538999630270
5541998220214
5544999917092
5512982670090
5567998832631
11143969094420
5519981403779
5579999168311
5511973373028
11167986464859
5591985749071
5588981725551
11131984916782
5592994711412
5522998685701
5548999717578
5596991097981
5513988741201
5591983898609
11043943541210
5571999373150
5579998335148
11183975179551
5587988032888
5535998928856
5519982819471
5541988488355
5592995251536
5519982952325
11197970284374
5543998239659
11143979221174
5521966620002
5544998713333
5517996577909
5511986280593
5561992012147
5527999668724
5521981068592
5515996732692
5541997362832
5541992030875
5517981767390
5547991782849
5541992789454
5561992207275
5512991355957
5511951048937
5513981213618
5513981213618
5513981213618
5515997316987
5511988957626
5531984294530
11106980493410
5531994034442
55031997746407
11023961455426
5511989974962
5527999393256
55559281570731
5513996919890
5592982034627
5562996482921
5571996111592
11063979304849
11131975189554
55094991947298
5562994287427
5548999131385
5527988574733
5562985480035
11039965074068
5531983328559
5592982034627
11063988215909
5511982695617
5565992381073
11171988371986
55094991947298
5586994052354
5521980401519
5515997147358
5541999178912
5531971487448
5511990165953
16538965934530
55054984311008
5512996068496
55061982383296
5584996151780
11055985052882
5521998219329
5585996332203
5562993192354
5548996294017
55054992151285
5581999345440
5598989084344
5584999880963
5561986725906
5561983152288
5535997154570
11183968835156
11183968835156
5551984883662
5527996259142
5571988612648
5586999201836
5571987152185
11183968835156
5521993648742
5562982336921
5592984405970
5527995210301
5521964268652
5519984517435
5515997479825
11183968835156
5586999697990
5521965425688
5511987838571
5592984505591
11035983357868
5541988095139
5519995116515
5592988449407
5586994519502
5514988170396
11123971681527
5591988995145
5521993503883
5521975705912
11055962602105
5511974305539
5521965425688
5567998584134
11031993744149
5511985427065
5531985901125
55061983542172
5567991173980
5581998574634
5591989480477
5561993713162
5547996115581
5521994757646
5565998185749
11173997535786
5513988735106
5592993314921
5598989031888
5519974054612
11183968835156
5562998383215
55021983202101
5541997577272
5511966441464
5513991984965
5521996550157
5521998714100
16757972571787
5579991516698
11183968835156
5518996819620
5531975688588
5571984275987
11183968835156
5561995695978
5511959413607
5513996461296
5532991495085
5585987407933
5598985452220
11171986887631
11143979479481
5521974832035
5513997032164
11023914797371
5521993643936
5521982318279
5551982324785
5515998160734
55062985504054
5561984212187
5548991257101
5582991945329
5548991368491
5591988877544
11171986631970
5544997574529
5569993914208
5511996498499
55085986425273
5511996498499
5521980269730
5569984592365
5527998908300
5543999337268
11171986631970
5531994458646
5521974541153
5579996350736
5565984326661
5513981605498
5547992657178
5543999337268
5594991374982
5571988847056
5562982493327
5521969588888
5548996294017
5531994114345
5579999934046
5567991363167
5551997952068
5583988781060
11185973910169
5515988232779
5582988389196
5561999552731
5542999715831
5561999552731
5513981805934
5548999732963
5521981656817
5562992506132
5581998109939
5516991300103
5562994343040
5511940012093
5565993355354
5547996872645
5561981787868
11139999734330
11123978183944
5583996321975
5562982336921
5561996876906
11063960769372
5562982336921
5517991159645
5592996170758
5591988199717
5544998731194
5515981601752
5598985072619
5571983376695
5561982061460
5541987011032
5511951900312
5531986400466
11183967070708
5512992280281
55085986440245
55027996472382
5591980177929
5511973589468
5571982617075
5511966595682
5583987294105
5512991667113
5551999285250
5541991334168
5571996000333
5561986548124
5531988954257
5541987783857
5521984050784
5511946505541
55022974034867
5562984873131
5531988954257
5561998638692
5531988954257
5531988954257
5544998731194
5531988954257
5531988954257
55031998523919
5527998550088
5531988954257
5516994538326
11039986743843
5531988954257
5521971119764
5531988954257
5511969779271
11135969605958
5567984056822
5579998835289
5585984183897
5547999918720
5579998900138
5591991146282
5511940283928
5562998629662
5567992672926
5582996058178
5562994945545
5583988729117
55071982319782
5561999126037
11043943541210
5511972232208
11163991718338
5584994418623
5571987835798
5541995187942
5541998258313
5584994418623
5511985201709
5521998884109
5521985655815
5548996578310
5541995369876
5571993511765
5592994811849
5522998685701
5583987149910
5521970113739
5562998629662
5571993995036
5562998629662
5562998629662
5571991652992
5541998768525
11083991234230
5522974055706
5541999232699
5515997237240
5566996559632
11083991234230
5547992301322
11045994384368
5562982477577
5519991444497
5551993575234
5541995116426
5568984115448
5585986972361
5541987480160
11043943541210
5567993002629
11043943541210
5585997274452
55048991836634
5541991999877
5511947204672
5511932173522
5532991495085
5562996482921
5561981950366
5512981780097
5548984535290
5531988954257
5579991209556
11103975731816
5567998524255
5551992481299
5562991842180
5513974012898
5527998053125
5561999578177
55012997627071
5585988665181
5512988346555
5551981988496
5511942901403
11043943541210
5584992289535
5531987566586
5591982580755
11043943541210
5521984129919
5567992891373
5571986024152
5511951252869
5562982046777
11043940367450
5569981221404
5541997713201
5544998765065
5582999444612
5561991264555
5511985698878
5585988665181
5569992785140
5541998956101
5551993521376
11135978448768
5521981781795
5521981335765
5548999020541
55085985493576
5562982336921
11043951907926
5562982336921
5562992382251
5584987402142
5562982336921
5521981335765
5562982336921
5582999444612
5521966487955
5548999863852
5531985901125
5562982336921
5527999334708
5519995253067
11083991234230
5562982336921
5519995253067
5527999992839
5513988822285
5541998879070
5571983024108
5584987253632
5541995116426
5516993766692
11143974545921
5571991062863
5562982046777
11055977042119
5521997751054
5512991367542
5544997140498
5541995116426
5521984706563
5544988085034
5563991076773
5511943893461
5544997422912
5598982351928
5565992018824
5521964712930
5571999373150
11183973029434
5524999122325
5584987531824
5541995116426
5584999428081
5579999128190
5512991367542
11025971051987
5569922223438
5592992032749
16625984517607
11123989914394
5541995116426
5567981332277
5548988476407
11125974297679
5541987803218
16625984517607
5591983898609
11031969600871
55041998163190
5527992672440
5562991891733
5561996840036
5521980096424
55027997412543
5571992679155
5541998984669
5571999784634
5592982849064
5512988610770
11163970641254
5511959450163
5581984616708
55021999596289
5541997410499
5511973684051
5521975705912
5515998511974
5511983844425
5541992239476
5547991020184
11035976244058
5513988386468
5581995470205
5571985565320
5569992454941
5592981343654
5527981187873
11151975446219
5521970141070
5592991583401
5571992325301
5548991619772
11035976244058
55085986851899
5512981630476
5583987502844
5592982736085
5516993643870
5571992325301
5571992325301
5541998334803
11123975053595
5511962835600
5571987105589
11123989914394
5515996965463
5583998935460
5571992325301
5512997136622
5521993333124
5593991855713
55051995637084
11171976656608
5571992325301
11043928645314
5571992325301
5511940456232
5511953057157
5561992435666
5511946834352
55017991815216
5586999104152
5511962465157
5521985135389
5551995136848
5586995646217
5567991508100
5562991634939
11167976213730
5519986083647
5515996965463
5569993548264
5515996876409
1102799413363
55329914950851
5511930411881
5582987212639
55051995637084
5515996838396
5515996876409
5592991217788
5555991206994
5513981273936
5548984121017
5517988426891
5561993562745
5562999508995
5571991285473
5512997151872
55061995521354
5519982949867
11097976125843
55043996305292
5571991285473
5527999115615
5515996965463
5521964093673
5562981553348
5591984745843
5531991986974
11125986426578
5514998177161
5561982978440
5571992405107
5545998323518
110086996286250
5598987706551
55061994613220
5521998256332
55092984090438
5511967196937
5581999913042
5548991112308
5562974006436
5548999180929
5563984703527
11135992247364
5581983733494
5511969189562
11039964687481
5595991558279
5511948357812
5531994464421
5598991490689
5571987726604
5521982227385
5513997298310
5531991986974
5521993333124
5522997907741
5545999855939
5561981789166
5598982136517
5591982893061
5592993719667
5571992359385
5561996223922
5521970315821
5541998516860
5583987082777
5562986351712
5511943441050
5541997060200
5571982929764
5561986719168
5521974094647
5522998416801
5519971239560
5567981990883
5521968485443
5512996707134
11043951781569
5512982361714
5562982336921
5527988958567
5511995666757
5551992581893
5563984703527
5531994464421
5532998228925
5531975220843
11043928645314
11043955099888
5561995712456
5519971239560
5581986413312
5511996782007
5571991393983
11083991234230
5515998160932
5513996248812
5567991924600
5521981083161
5544999636192
5514996192838
5581987708875
5592992110509
5531987796441
5592984374141
5581992116561
5565992599828
5565998061270
5579998492089
11159980975945
5581996991066
5538992415849
5571997354687
5561998325953
5544999409433
5545999055412
55011974472106
5586994751964
55062995511644
5585986560982
5579999956359
11185988189190
5562984275245
11123994798796
5569993637549
5585988178155
5515988318005
5588988729743
11055990446149
11083987187974
5586999952755
5561981384252
55061984609329
5562998594356
5548998287061
5522992565384
5511966208273
5548991266512
5565992737274
5571992311152
5592984110000
5521981276002
5585989524395
5531971224906
11035984144050
5521981005931
5538999814603
5513974234429
5519995818725
5551984551191
5531975252419
5548998278675
5516996191773
5551986095927
5513997655063
5591984138242
5527996041193
5561991396657
5511959232985
5582988017614
11083978670182
5581997376018
5521982578559
5544984484324
11083996810459
5515997449988
5561999850853
5584996638993
5511994475422
5584996524363
5571986946619
5511947484334
5541995702101
5511983589480
5562984267640
5585989344683
5531992407633
55051986591352
11185977267155
5562982182398
11039980098614
5571988861016
11039980098614
11171980897973
5511975813270
5541997745500
5511942559386
11025984449766
5511947220765
11083978670182
5571982047435
5531992676177
5551999385162
11043929459652
5562995379839
11054973020365
5579981616184
110191982570542
11039980098614
5541987033560
11031993489998
5571988315970
5521999331415
5551999385162
5532991531457
5568996041596
5521964522506
5598981142834
5561992254147
11035976244058
11035976244058
5522997689157
5519998300401
5531994718759
55021966583809
5527997989869
55061998809995
5571982857111
5562999924980
5519991204700
5527988036070
16775954876728
5561992254147
5513996732122
5567981206009
5545998000548
5565992475068
11043929459652
5583987235349
5543999525826
55067991700324
5562992573019
5567992893311
11083986742697
5551985440473
5522997689157
5561995996617
5527995080565
5551984036999
11043929459652
5595991779436
5567992891373
5587988721984
5567991446458
5544997410121
5521986057616
5511981382143
55098996181754
5583996949748
5562992554102
5521986525508
5598984221503
22111989486527
11143979221174
11043929459652
5579999862666
55034988085776
5521970423193
5532998407122
5563984750714
5551984141806
5551985215622
5521975649736
5584998220556
5515981850588
5531996199090
5521983094973
5585989929987
5565999138208
5541991552374
5592993633985
5548984208843
5562994611185
5567991129332
5511948786652
5515996777614
5519989003019
5511962042066
11163978724368
5516992662934
5511945378890
5593992323668
11055990131026
5521995672773
5567992818059
5585992448238
5531993765308
5524999730031
11143980562406
5581988622799
11183968835156
5535997154570
5571987717539
11183968835156
5541998265664
11183968835156
16568960923831
5541997022639
5571987498398
11183968835156
5511977118388
5548984369838
5535997154570
55021984894417
5511981013650
11031985189508
5521996460492
11039980098614
5516981272472
5591998078927
5592992642198
55011974472106
5541997022639
11183968835156
11183968835156
11045990358795
11183968835156
5515996322774
11143982014525
5511933822787
11039980098614
5524993199294
5521979789606
5585987667657
5585987667657
5521979789606
5511967121534
5511969959785
5561996876825
5547996905205
5531982896292
5521979208990
5561999615537
11039980098614
5598987144558
5561998399430
5565981006684
5532991495085
5547996905205
5547999880234
5538984251543
5519996650080
5551991451083
5571991393983
5592993633985
5567992409084
5511966278711
5531986475097
55021997548925
11023916961206
5565981222944
5521975846811
11183968835156
5547997562359
5512982758762
55021997548925
11183968835156
5548984439853
5521964624806
5531993765308
5569992632764
5548999098584
5531992227004
5527988185557
11023925840936
11183968835156
11143982014525
5591987137659
5543988198247
5565984170145
11025978460945
16565931256704
5541997772861
5585999955989
5581985491101
11183968835156
5531987907317
5527996043057
5517997459192
5561983640304
5531987907317
5541997000001
5533984079980
5581982129346
5521964098084
5561986118516
11183968835156
5541997000001
5512997547854
11183968835156
5511945089777
5585997784105
5524998832239
5522992920791
5571991734676
11123997028830
5527997757761
11183968835156
5551985313488
5517992012983
5545998323518
5513988722665
5517988341472
5583987183593
5561993755003
5531994114345
11055977042119
11125986705002
5517991504575
11043938775021
5522997048342
55062996538277
5598988817187
5548991484885
11035979626375
5565984527122
5541996778994
11169980652915
5522999236184
5513997704362
11197963836521
5551992285833
5532991495085