5532991495085
5511934833488
5511966441464
5511986948916
5511986948916
5511960361756
5511958950067
5511946663330
5511980799356
5511972207813
5511946473048
5511976489864
5577988755902
5511982919642
5511970133516
5511988725045
5511971137236
5511992861969
5511952379561,5511952379561,5511984742267
5511986470428
55011980194234
5511940167643
5511975127198
5511961427319
5511953932447
5511960361756
5511980813525
5511986948916
5511982694378
5511987262080
5511951019230
5511967337332
5511968542092
5511953249584
5511969658091
5511961119065
5511984571388
5511984625962,5511961119065,5511947430004
5511987262080
5511986867845
5511987262080
5511987262080
5511949141836
5511988285311
5511964466633
5522997062390
5511979707598
5511961944306
5511975965485
5511964466633
5511964466633
5511983470212
5511985487381
5511987262080
5511964762286
5511982334991
5531996202673
5511977733728
5511991084338
5511957628885
5511991482539
5511952158431
5511970133517
5511961023573
5511962872094
5511947042733
5511989009134,5511981032663,5511977922463
5511941573562
5511985427065
5511958940246
5511977977867
5511943161895
5511970133516
5511961724987
5511957917037
5511967674933
5511960594704
5511947008393
5511932463234
55011934620042
5511960594704
5511962430799
5511957922583
5511953249584
5511982149100
5511953249584
5511960275199
5511946191064
5511953249584
5511987284352
5511968807882
5513996891501
5511969702387
5511961551954
5511946473048
5511946473048
5511983792391
5511947764951
5511980715203
5511973782101
5511949702017
5511983358364
5511967651166
5511997733505
5511953249584
5511953249584
5511972919341
5511960594704
5511987461407
5511975012084
5511954937588
5511973051352
5511991230629
5511973782101
5511973782101
5511960594704
55011976656621
5511940707077
5511946473048
5511953249584
5511940707077
5511959938741
5511950595302
5511946462613
5511933304939
5511970550428
55011976656621
5511996594610
5511940372569
5511970550428
5511951616071
5511989785031
5511951000800
5511951616071
5511982144685
5511953249584
5511985326671
5511966134252
5511940167643
5511988285311
5511968542092
5511985704999
5511983645732
5511951941052
5541988874916
5511949702017
5511958069884
5511986646273
5511968542092
5511958649797
5511947367650
5511985893127
55011999362398
5511981272343
5511933985043
5511964935808
5511953064209
5511981794468
5511956885753
5511967511869
5511965646070
5511981027394
5511967288065
5511975063817
5511991230630
5511970656369
5500987480686
5511943042168
5511976405767
5511960414754
5511940012093
5511947611911
5511994525035
5511983069989
5511995424086
5511961763865
5511981794468
5532991495085
5511943042168
5511964323267
5511933682952
5511984723364
5511947178497
5511953075951
5511985427065
5511947535992
5511964762286
5511949275018
5511972723302
5511996179401
5511975395872
55011945390401
5511961484536
5511955820922
5511964687313
5511948409204
5511984176750
5511930116780
5511977605966
5511970573055
5511980543069
5511943042168
5511995368055
5511997891471
5511972648663
5511966441691
5511941478139
5511967439062
55011965283500
5535998076277
5511982779343
5511960949775
5511980935233
5511994441963
55011995406260
5511980935233
5511946556681
5511943042168
5511940214564
5511953465063
5511988236434
5511973472256
5511985655882
5511957622937
5511932082878
5511943708402
5511995384448
5539391760242
5511977288737
5511941869032
5511976964197
5511946556681
5511997364346
5511997364346
5513996746662
5511988236434
5511966810213
5511961206318
5511953372039
5511975921654
5513996746662
5511951978168
5511947175884
5511973165253
5511965783110
5548984292902
5511963588988
5511840128727
5511959587900
5511985427065
5511988743960
5511964224107
5511974814596
5511970539958
5511933267672
5511993986860,5511947843768,5511950638742
5511951352197
5511999506393
5511973782101
5511984765435
5511973782101
5511984275090
5511972723302
5511973782101
5511982040113
5511951139150
5511959189950
5511973782101
5511955893996
5511959140495
5511934939126
5511959803341
5511968142531
5511973782101
5511962449191
5511997832917
5511997832916
5511961206247
5511956688887
5511995512666
5511974323908
5511947933237
5511934880363
5511960371291
5511992179217
5511977603490
5514991334375
5511958371596
5519993936041
5511991321794
5514991334375
5511991542176
5511953941889
5511983951915
5511963329553
5511956286961
5511981996121
5514991334375
5511940707078
5511949357038
5511986529610
5511960721628
5511942411027
5511945944200
5511956829782
55011969840652
5511985103202
5511948153246
5511967517847
5511933144500
5511988520869
5511994173012
5573981746654
55011942413833
5573981746654
5511999314915
5511969568706
5511959128744
5511980796220
5511990232678
5511997293985
5511940141111
5511947890779
5521982118267
5511945562839
5511986714209
5511981271090
5511980796220
5511960977423
5511977921733
5511948979734
5511980935233
5511987484896
5511951449446
5511981317500
5511967901947
5511962216273
5511980935233
5511980935233
5511995269732
5511967601453
5511980935233
5532991495085
5592991533310
5511962016663
5511993409953
5511948092971
5511979999277
5511946340817
55011995793673
5511953249584
5535984069981
5511961405591
5562996653657
5511965729808
5511972022662
5511940795008
5511953249584
5511946439449
5511953249584
5511988157574
5511953249584
5511953326621
5511998320650
5511931527524
5511969568706
5511934973965
5511977506731
55011942525580
5511987284352
5511960110165
5511954898673
5511966810213
5511953781709
5511941690805
5511983125376
5511953326621
5511940025311
5511958939662
5511947207244
5511977795568
5511962696763
5511946719045
5511947196287
5511959076063
5511947196287
5511994173012
5511977317761
5511980982187
5511984109127
5511946813385
5511975373981
5511960424936
5511944738935
5511973722974
5511995218168
5511991227049
5511949460867
5511976622900
55011976656621
5513988251976
5511997605287
5511977540337
5511969175421
5511957097462
5511992443806
5511981942188
5511984152340
5511960366745
5511940036523
5511930183220
5511972968959
5511959691681
5511983462362
5511972968959
5511992605255
5511966704367
5511964536545
5511959691681
5511951612631
5511940707078
5511955974321
5511985427065
5511977646318
5511975696651
5511980451436
5511950735969
5511961166160
5511962778440
5511973871797
5511982065921
5511975696651
5511970430323,5511970430323,5511970430323
5511943688409
5511984732018
5511975696651
5511942522534
5511982040113
55011985432382
5511961944306
5511949360405
5511958201601
5511949360405
5511950653248
5511994201816
5511958201601
5511980833675
5511980457886
5511945521732
5511947208047
5511971509290
5511987711331
5511949360405
5511977506731
5511980622215
5511959078147
5511947217817
5511948470437
5511974959436
5511948470437
5511951148165
5511934162076
5511988722093
5511977803433
55011985206560
5511943872669
5511934162076
5511995571394
5511991690045
5511939389705
5511952267742
5511934634418
5511994300092
5511965116308
5577991749465
5511953433080
5511959343586
5511943068508
5511980900991
5511954129769
5511986212543
5571984028710
5511968264578
5511960164411
5511948304475
5511991003149
5571992696085
5511952728808
5511976320988
5511968287393
5511981607664
5511947041706
5511951616901
5511963687757
5511988126309
5511972206395
5511968115849
55011985377187
5511993766334
5511940182239
5511986171353
5511998499539
5511941573321
5511942968474
5511933091990
5511987620845
5511981721038
5511986286127
5511987620845
5511996265667
5511963456997
5511950842649
5511970657067
5511950842648
5511979823294
5511993100805
5511932289515
5511983531702
5511971953699
5511970335782
5511934520298
5511954204369
5511973782101
5511973782101
5511963687757
5511973782101
5511973782101
5511974570762
5511954442143
5511973782101
5511973782101
5511998030485
5511994430893
5511962730227
5511974688158
5511954078811
5511971261159
5511988703813
5511948038482
55011977249359
5511958352791
5511985296888
5511973545814
5511973545814
5511983770765
5511983770765
5511949327458
5511983770765
5511972309639
55011995165813
5513996692095
5511969959785
5532991495085
5511992048017
5511960635280
5511952017594
5511940068414
5511988837065
5511947792658
5511963532395
5511958773281
5511986470430
5511997943105
5511967224724
5511967224724
5511958769596
55092994305983
5511947391151
5511989678607
5511957942469
5511984842151
55011971086533
5511946102034
5511993811323
5511959128744
5511994173012
5511996501930
5511984777974
5511987432252
5511950347388
5511977478869
5511953762233
5511940707077
5511969661603
5511983020485
5511963258967
5511992343296
5511940702017
5511984142038
5511972920120
5511947680559
5596981010541
5511948789351
5511948789351
5511959450163
5511967887655
5511943007131
5511970963589
5511976895529
5511963687757
5511947669993
5511951966179
5511999043746
5511976895529
5511976895529
5511994199743
5511989383265
5511940897121
5511976895529
55011976656621
5511942150212
5511986638173
5511985665126
5511986638173
5511953296564
5511959383095
5511943336614
5511941623624
5511985404810
5511947488747
5511948053646
5511980935233
5511951753952
5511980935233
5511962935809
5511976895529
5511991494896
5511976367428
5511984721375
5511947571222
5511983075453
5511960709794
5511947571222
5511948120904
5511947571222
5511973701974
5511986187841
5511949566671
5511951675389
5511968577684
5511995981116
5511948039277
5535991776733
5511986695267
5511951619913
5511992573031
5511932600730
5511949726479
5511981735204
5511980314452
5511993124919
5511986695267
5511954753159
5511962482535
5511970162648
5511981341190
5511960689982
5511985344105
5511949152736
5511969661603
5581992706492
5511952814997
5511945496003
5511964830421
5511940003585
5511958267804
5511969661603
5511960844113
5511983075453
5511971293490
5511982695617
5511974041254
5511983102875
5511997562752
5511958267804
5511972206395
5511958267804
5511958267804
5511967301050
5511942354154
5511977967790
5541992511701
5511985371849
5511981954992
5511934882333
5511985097924
5511983269156
55011951675389
5511989209963
5581992706492
5511967254332
5511954601416
5511940766299
5511962038925
5511999218552
5511992244449
5519994170327
5511934919215
5511982351803
5511941478139
5511995448910
5551998968475
5511969792447
5511961119065,5511947430004,5511984625962
5511999788302
5511947430004
5511999302359
5511932481737
5511940156293
5511973509697
5511920083113
5511970723079
5511970371509
5511948404863
5511988541617
5511977630891
5511954889761
5511965280159
5511960269937
5511976706334
5511982987202
5511979916807
5511940524205
5511974696610
5511948621632
5511948631632
5511948621632
5511987747671
5511985487381
5511969835575
55011949917898
5511981672575
5511933805408
5511977204477
5511946072954
5511953249584
5511995691548
5511977789461
5511949018712
5511931227000
5511957272628
5511952089758
5511949497928
5511954568450
5511986600436
5511962935809
5511993043929
5511984469823
5511984657931
5585997367992
5511998960403
5511961399921
5512982691005
5511982182516
5511943162806
5511953756350
5511999218552
5511971242194
5511945944200
5511989007576
5511977803850
5511989007576
5511946249264
5511996998723
5511950937213
55011976656621
5511981518602
5511996100054
5511944460887
5511999174046
5511960110165
5511979839119
5515996692324
5511974472106
5511958393898
5511962531193
5511953249584
5511991040349
5511974472106
5511982351803
5511953249584
5511947323126
5511979682663
5511973365342
5511987994362
5531996202673
5511953249584
5511973754150
5511986399169
5511953551755
5511995039794
55011989616526
5511941194571
5511963952225
55011954340727
5511941220925
5511934972377
5511994610328
5511960424936
5511947882813
55011975286811
5511947882813
5511947882813
5511960424936
5511968577978
5511958457579
5511963301851
5511970178883
5511981179249
5511971007180
5511940004157
5511947488213
5511987586992
5511943507144
5511947566080
5511975246206
5511967614303
5511957961745
5511934687368
5511987379803
5511934687368
5511972034581
5511972034581
5511941408928
5511983973205
5511971395075
5511972034580
5511961948633
5511972034580
5511946637541
5511986732479
5511960733383
5511957254288
5511942239558
5511987041895
5511940708719
5511946612018
5511952099761
5511981341190
5511988441748
5511967336829
5511962643481
5511975892164
5511941408928
5511967336829
55011965999091
5511941408928
5511953690975
5511944561539
5511974472106
5595991636534
5511955846962
5511952322330
5511973275137
5511982714315
5511958342159
5511984451648
55011974472106
55011974472106
5511993512910
5511932187559
5511979570976
5511967525121
5511986066254
5511963542430
5511954031192
5532991495085
5511957352791
5511954031192
5511984874875
5511959128744
5511975246206
5511974472106
5511959938741
5511985330549
5511930109566
5511954196070
5511974472106
5511961356424
5511981794468
5511953676709
5511940817582
5511969661603
5511983280638
5511974525014
5511986467139
5511969661603
5511969661603
5511977611475
5511982149100
5511982659014
5511956829782
5511971218801
5511958799666
5511959450163
5511943677071
5511957081793
5511968321582
5511986948916
55011940844348
5511948752199
5511953765900
5511994735258
5511982206030
5511986948916
5511986948916
5511953249584
5511973103459
5511949422978
5562992737353
5511953762233
5511979978005
5511960781468
55011974472106
5511969661603
5521996255098
5521996255098
5511986891439
5511977506731
5511942411027
5511995269732
5527992273273
5511972482386
55011974472106
55011974472106
5511962115671
5511993421484
5511988056873
5532991495085
5511998590832
55011974472106
5511957628885
5511962362969
5511963536761
5511977330809
5511963699580
5511954353219
55011974472106
5511950214341
5511996594610
5511987473107
5511952042669
5511963885423
55011974472106
5511984247823
5511954919398
5511962905825
5511987473107
5511998887721
5511980935233
5511947131753
5511969661603
5511968276797
5511985035528
5511988033595
5511946072954
5511961512083
5511948160571
5511945195892
5511998190816
5511956286961
5511980935233
5511974293668
5511950754174
5511984456292
5511982376420
5511957244637
5511995363279
5511987099389
5511958032842
5511957063669
5511997891471
5511943042168
5511951616071
5511943042168
5511943042168
5511951616071
5511948039825
55011958280059
5511963699580
5511991031934
5511951737240
5511967525057
5511973322536
5511967226663
5511984140910
5511986161001
5511999003076,5511997945296,5511981029091
5511970687708
5511997175264
5511987473107
5511982792280
5511987914417
5511943042168
5511996324499
5511962569765
5511987045152
5511949192929
5511967692211
5511962104706
5511952893093
5511952021513
5511951929101
5511969661603
5511948984047
5511998634530
5511998634530
5511947134719
55022996138926
5511959160557
5511947115395
5511953485159
5511987310318
5511970168736
5511970153816
5500972432811
5511963564626
5511953485159
5511953485159
5511981949225
5511941869032
55011934524640
5511994410884
5511934915093
5511942982051
5511930188508
5511951575769
5521983837447
5511953249584
5531996202673
5541998449964
5511958906540
5511968141174
5511970573055
5511933148806
5511961321130
5511987432252
5511961399921
5532991495085
